============================================================
BRDF Neural Network - Trained Weights
============================================================

LAYER 1 (input --> hidden) 
----------------------------------------
W1 shape: (4, 64)
W1 values: 
0.68861972 0.20822441 0.59982910 -0.58234722 0.03813389 0.27216461 -0.07846230 -0.76943459 -0.30177834 0.12257975 -0.30656621 -0.06763032 0.09155248 0.13297726 0.06820026 -0.89006418 0.31917945 0.71227301 -0.07233500 -0.26765511 -0.56039831 -0.54503176 -1.57992164 0.23488368 0.05241337 0.95747708 -0.59295196 0.71221393 -0.05864380 0.55375520 -0.39557004 -0.29701637 -1.13090185 0.74744573 0.10733489 0.32343403 -0.17939629 0.87161417 1.09580456 -0.23150306 -0.30165255 0.55667888 0.13682283 -0.73000431 -0.00900349 -0.59879207 -0.69679162 -0.63109635 0.60271682 0.62126176 -0.60207335 1.17058650 -0.56607265 0.12232300 -0.29983020 0.19834681 0.22772133 -0.77072469 -0.84384439 -0.70627856 0.32795786 -0.11919365 -0.49497832 0.37279327
1.17787207 -0.51031167 -0.41056132 -1.28164018 0.33443816 -0.62269370 0.65618551 -0.17741578 0.68186465 -0.56638763 -1.32045838 0.76092081 0.76413897 -0.31455148 0.92027471 -0.31920174 0.27271043 -0.56590818 2.20616921 -0.05782742 -0.20132235 -0.42645771 0.07837399 -0.93216541 0.00077376 -2.18250806 -0.85375785 0.40508140 -0.30697265 -0.80798891 -1.54601511 1.05829222 -0.06200960 0.12407425 -0.91466374 0.33348443 -0.68049633 0.41054990 0.42221482 -0.80025324 1.14048008 -0.01590798 0.61778808 0.69656145 -0.35386738 -1.18966333 -0.06447081 -0.14470601 -1.07245096 -1.65613046 -0.64719146 -0.99105957 0.19619693 -0.67654247 -0.66994666 0.59099763 -0.56712816 0.54975127 -0.26911329 -0.58458025 -0.78839566 1.32326790 -0.03742033 0.59722592
0.61712791 -0.28755125 0.34558246 -0.81199525 -0.73540174 0.44265920 0.49619089 0.36259761 0.40895150 -0.94308778 -0.17940885 0.25087908 0.21431622 0.06437133 -0.51680949 -0.47338396 1.17905194 -0.13226382 1.38479609 -0.76526038 0.31452273 -0.59545041 -0.24677360 0.13802316 0.94534294 -0.54272573 -1.59052493 0.88738205 -0.02466307 -0.55214868 -0.02533799 1.52524900 0.85854934 -0.69293589 0.37820225 0.02561155 1.24808290 -0.36774109 -0.81759690 0.10307376 0.87372944 -0.47493036 0.09837481 1.13135105 0.50310379 0.16078916 0.72477541 0.28768554 -0.66174935 -0.57138586 -0.05079177 -1.48378121 0.80810797 -0.32547888 1.05812579 0.31026378 0.02989823 -0.12536886 0.65460553 -0.89538250 -0.53067171 0.05456318 1.64689121 -0.38776515
0.03053863 0.10160945 -0.07110864 0.32086709 0.31687363 -0.67256249 0.29664178 0.27445725 -0.10775972 -0.59721243 -0.48386490 1.05445509 0.22538663 -0.85396312 1.13604608 0.29005609 -0.57179635 -0.76102395 0.39561873 0.17655117 -0.20156283 -0.09530854 -0.10250156 -1.01661071 0.49228201 -0.63927588 0.59093432 0.53289557 0.60280316 -0.57265165 -0.48334306 -0.43566179 0.76994955 0.86418475 -0.92322412 -0.18451437 -0.40637336 0.05567225 0.72159577 -0.40319382 0.91883276 -0.74167730 -1.27665644 0.58070131 0.41004062 -0.14484627 -0.41137046 0.22371216 -0.47754173 0.57354273 0.33552658 0.62923703 1.01043034 0.90043450 -0.34620330 -1.57263131 -0.56516347 -0.94834807 0.63533284 0.19220044 -0.77463773 1.40616702 0.00518000 0.24248832

b1 shape: (1, 64)
b1 values:
-0.00533245 -0.00203486 0.03579119 -0.03549973 0.03240766 -0.03505676 0.00278168 -0.00128767 -0.01043857 -0.06187899 0.00000000 0.00559795 -0.00254755 -0.00315503 0.03394885 -0.07861831 0.09177543 -0.04637706 -0.01173844 -0.00973463 -0.00937284 0.00000000 0.02250585 -0.02198842 -0.00266188 -0.11142348 -0.22916876 -0.00404801 -0.00101008 -0.06979512 0.00000000 -0.00842039 0.00745415 0.05715709 -0.08780548 0.02036911 0.00868037 0.01898052 0.03475838 0.00190930 -0.02571745 0.01836557 -0.00719819 0.02366011 0.05680180 -0.05412975 -0.04019550 0.00384625 -0.06484236 -0.01955704 -0.02599112 -0.02455739 0.01596507 0.00827748 0.01393685 -0.01589435 -0.01448920 0.00277753 0.01123830 0.03341300 -0.05374529 0.00056106 0.07246221 0.00410242


LAYER 2 (hidden --> output)
----------------------------------------
W2 shape: (64, 1)
W2 values:
-0.15390991
-0.13082378
0.00291749
0.00284187
0.01377595
0.00483941
-0.03782437
-0.18014877
0.10887553
-0.34181305
-0.06500418
-0.09233554
-0.14845811
-0.11175221
0.03767848
0.08033083
0.00038623
0.00414810
0.08697002
-0.00475939
-0.28120606
0.07592453
0.07709280
0.12539091
0.01444166
-0.05779609
0.11468759
0.09699648
-0.20274267
-0.18846238
-0.01641552
-0.00758048
-0.00741777
-0.03430655
-0.10124302
-0.29275858
-0.00014381
0.08353839
0.11757437
0.11067845
0.07583619
0.00117493
0.13834975
-0.04515964
-0.01803922
0.19345851
0.00529523
0.21902288
0.29217602
-0.00067985
0.13755496
-0.00097402
0.02872724
0.00250304
-0.00894040
-0.03665397
0.05162521
0.00333686
0.00830295
-0.14932269
-0.23784045
-0.02083640
0.00266655
-0.04720706

b2 shape: (1, 1)
b2 values:
0.00505098
